大漠三部曲：大漠祭、猎原、白虎关 - 雪漠
　第一部分
　　第一章
　　　1
　　　2
　　　3
　　第二章
　　　1
　　　2
　　第三章
　　　1
　　　2
　　　3
　　　4
　　第四章
　　　1
　　　2
　　　3
　　　4
　　　5
　　第五章
　　　1
　　　2
　　　3
　　　4
　　　5
　　　6
　　第六章
　　　1
　　　2
　　　3
　　　4
　　　5
　　第七章
　　　1
　　　2
　　　3
　　第八章
　　　1
　　　2
　　　3
　　　4
　　　5
　　　6
　　　7
　　　8
　　第九章
　　　1
　　　2
　　　3
　　　4
　　第十章
　　　1
　　　2
　　　3
　　　4
　　第十一章
　　　1
　　　2
　　　3
　　　4
　　　5
　　　6
　　　7
　　　8
　　第十二章
　　　1
　　　2
　　　3
　　　4
　　　5
　　　6
　　第十三章
　　　1
　　　2
　　　3
　　第十四章
　　　1
　　　2
　　　3
　　　4
　　　5
　　　6
　　　7
　　　8
　　　9
　　第十五章
　　　1
　　　2
　　　3
　　　4
　　　5
　　　6
　　第十六章
　　　1
　　　2
　　　3
　　　4
　　　5
　　第十七章
　　　1
　　　2
　　　3
　　　4
　　　5
　　　6
　　第十八章
　　　1
　　　2
　　第十九章
　　　1
　　　2
　　　3
　　第二十章
　　　1
　　　2
　　　3
　　　4
　　　5
　　第二十一章
　　　1
　　　2
　　　3
　　第二十二章
　　　1
　　　2
　　　3
　　　4
　　　5
　　　6
　　　7
　　　8
　　　9
　　第二十三章
　　　1
　　　2
　　　3
　　　4
　　　5
　　　6
　　　7
　　　8
　　　9
　　　10
　　第二十四章
　　　1
　　　2
　　　3
　　　4
　　　5
　　　6
　　第二十五章
　　　1
　　　2
　　　3
　　　4
　　　5
　　　6
　　　7
　　第二十六章
　　　1
　　　2
　　　3
　　　4
　　第二十七章
　　　1
　　　2
　　　3
　　　4
　　　5
　　第二十八章
　　　1
　　　2
　　　3
　　　4
　　　5
　　　6
　　　7
　　　8
　　第二十九章
　　　1
　　　2
　　　3
　　　4
　　　5
　　第三十章
　　　1
　　　2
　　　3
　　　4
　　　5
　　　6
　　　7
　　　8
　　　9
　　第三十一章
　　　1
　　　2
　　　3
　　第三十二章
　　　1
　　　2
　　　3
　　　4
　　第三十三章
　　　1
　　　2
　　第三十四章
　　　1
　　　2
　　　3
　　　4
　　第三十五章
　　　1
　　　2
　　　3
　　　4
　　　5
　　　6
　　第三十六章
　　　1
　　　2
　　　3
　　雪漠 写作的理由及其他（代后记）
　　　1
　　　2
　　　3
　　附录一 复旦大学《白虎关》研讨专题摘要
　第二部分
　　第一章
　　　1
　　　2
　　　3
　　　4
　　　5
　　　6
　　　7
　　　8
　　　9
　　第二章
　　　1
　　　2
　　　3
　　　4
　　　5
　　　6
　　　7
　　　8
　　　9
　　　10
　　　11
　　　12
　　　13
　　　14
　　　15
　　　16
　　　17
　　　18
　　　19
　　第三章
　　　1
　　　2
　　　3
　　　4
　　　5
　　　6
　　　7
　　　8
　　　9
　　　10
　　　11
　　第四章
　　　1
　　　2
　　　3
　　　4
　　　5
　　第五章
　　　1
　　　2
　　　3
　　　4
　　　5
　　第六章
　　　1
　　　2
　　　3
　　第七章
　　　1
　　　2
　　　3
　　　4
　　　5
　　　6
　　　7
　　第八章
　　　1
　　　2
　　　3
　　　4
　　第九章
　　　1
　　　2
　　第十章
　　　1
　　　2
　　　3
　　　4
　　　5
　　　6
　　　7
　　　8
　　第十一章
　　　1
　　　2
　　　3
　　　4
　　第十二章
　　　1
　　　2
　　　3
　　　4
　　第十三章
　　　1
　　　2
　　　3
　　　4
　　　5
　　　6
　　　7
　　　8
　　　9
　　　10
　　　11
　　　12
　　　13
　　　14
　　　15
　　第十四章
　　　1
　　　2
　　　3
　　　4
　　　5
　　　6
　　　7
　　　8
　　　9
　　　10
　　第十五章
　　　1
　　　2
　　　3
　　　4
　　　5
　　　6
　　　7
　　　8
　　　9
　　第十六章
　　　1
　　　2
　　　3
　　　4
　　　5
　　　6
　　第十七章
　　　1
　　　2
　　　3
　　　4
　　　5
　　　6
　　　7
　　　8
　　　10
　　　11
　　　12
　　　13
　　　14
　　　15
　　　16
　　第十八章
　　　1
　　　2
　　　3
　　第十九章
　　　1
　　　2
　　　3
　　　4
　　　5
　　　6
　　　7
　　第二十章
　　　1
　　　2
　　　3
　　第二十一章
　　　1
　　　2
　　　3
　　　4
　　　5
　　　6
　　　8
　　　9
　　　10
　　　11
　　　12
　　　13
　　　14
　　雪漠 弟弟·父母及其他（初版跋）
　第三部分
　　第一章
　　　1
　　　2
　　　3
　　　4
　　　5
　　　6
　　　7
　　　8
　　　9
　　　10
　　　11
　　　12
　　　13
　　　14
　　第二章
　　　1
　　　2
　　　3
　　　4
　　　5
　　　6
　　　7
　　　8
　　　9
　　　10
　　　11
　　　12
　　　13
　　第三章
　　　1
　　　2
　　　3
　　　4
　　　5
　　　6
　　　7
　　　8
　　　9
　　　10
　　　11
　　　12
　　第四章
　　　1
　　　2
　　　3
　　　4
　　　5
　　　6
　　　7
　　　8
　　　9
　　　10
　　第五章
　　　1
　　　2
　　　3
　　　4
　　　5
　　　6
　　　7
　　第六章
　　　1
　　　2
　　　3
　　　4
　　　5
　　　6
　　　7
　　　8
　　第七章
　　　1
　　　2
　　　3
　　　4
　　　5
　　　6
　　　7
　　　8
　　　9
　　　10
　　第八章
　　　1
　　　2
　　　3
　　　4
　　　5
　　　6
　　　7
　　　8
　　第九章
　　　1
　　　2
　　　3
　　　4
　　　5
　　　6
　　第十章
　　　1
　　　2
　　　3
　　　4
　　　5
　　　6
　　　7
　　　8
　　　9
　　　10
　　　11
　　　12
　　　13
　　第十一章
　　　1
　　　2
　　　3
　　　4
　　第十二章
　　　1
　　　2
　　　3
　　　4
　　　5
　　第十三章
　　　1
　　　2
　　　3
　　　4
　　　5
　　　6
　　　7
　　第十四章
　　　1
　　　2
　　　3
　　　4
　　　5
　　　6
　　第十五章
　　　1
　　　2
　　　3
　　　4
　　　5
　　　6
　　第十六章
　　　1
　　　2
　　　3
　　　4
　　　5
　　第十七章
　　　1
　　　2
　　　3
　　　4
　　　5
　　　6
　　　7
　　　8
　　第十八章
　　　1
　　　2
　　　3
　　　4
　　　5
　　　6
　　　7
　　　8
　　　9
　　　10
　　　11
　　　12
　　　13
　　　14
　　雪漠 我的文学之“悟”（初版后记）



ÁÁÁÁÁÁÁÁÁÁ：doosho.com　1，2，3，4，5

ББББББББББ：doosho.com　

ĆĆĆĆĆĆĆĆĆĆ：doosho.com　

ĎĎĎĎĎĎĎĎĎĎ：doosho.com　

ÊÊÊÊÊÊÊÊÊÊ：doosho.com　

♀♀♀♀♀♀♀♀♀♀：doosho.com　

ĞĞĞĞĞĞĞĞĞĞ：doosho.com　

ĤĤĤĤĤĤĤĤĤĤ：doosho.com　

ĨĨĨĨĨĨĨĨĨĨ：doosho.com　

ĴĴĴĴĴĴĴĴĴĴ：doosho.com　

ЌЌЌЌЌЌЌЌЌЌ：doosho.com　

ĹĹĹĹĹĹĹĹĹĹ：doosho.com　

♂♂♂♂♂♂♂♂♂♂：doosho.com　

ŃŃŃŃŃŃŃŃŃŃ：doosho.com　

ÓÓÓÓÓÓÓÓÓÓ：doosho.com　

φφφφφφφφφφ：doosho.com　

ℚℚℚℚℚℚℚℚℚℚ：doosho.com　

ŔŔŔŔŔŔŔŔŔŔ：doosho.com　

ŚŚŚŚŚŚŚŚŚŚ：doosho.com　

ŤŤŤŤŤŤŤŤŤŤ：doosho.com　

ÚÚÚÚÚÚÚÚÚÚ：doosho.com　

≚≚≚≚≚≚≚≚≚≚：doosho.com　

ŴŴŴŴŴŴŴŴŴŴ：doosho.com　

ϰϰϰϰϰϰϰϰϰϰ：doosho.com　

ÝÝÝÝÝÝÝÝÝÝ：doosho.com　

ŹŹŹŹŹŹŹŹŹŹ：doosho.com　





