穆斯林的葬礼 - 霍达
　第一章　玉魔
　　1
　　2
　　3
　　4
　　5
　第二章　月冷
　　1
　　2
　　3
　　4
　　5
　第三章　玉殇
　　1
　　2
　　3
　　4
　　5
　　6
　　7
　第四章　月清
　　1
　　2
　　3
　　4
　　5
　　6
　　7
　第五章　玉缘
　　1
　　2
　　3
　　4
　　5
　　6
　　7
　　8
　第六章　月明
　　1
　　2
　　3
　　4
　　5
　　6
　　7
　　8
　　9
　　10
　　11
　　12
　第七章　玉王
　　1
　　2
　　3
　　4
　　5
　　6
　第八章　月晦
　　1
　　2
　　3
　　4
　　5
　　6
　　7
　　8
　　9
　第九章　玉游
　　1
　　2
　　3
　　4
　　5
　　6
　　7
　　8
　第十章　月情
　　1
　　2
　　3
　　4
　　5
　　6
　　7
　　8
　　9
　　10
　　11
　　12
　　13
　　14
　　15
　　16
　　17
　　18
　　19
　　20
　　21
　　22
　　23
　第十一章　玉劫
　　1
　　2
　　3
　　4
　　5
　　6
　　7
　　8
　　9
　　10
　　11
　　12
　第十二章　月恋
　　1
　　2
　　3
　　4
　　5
　　6
　　7
　　8
　　9
　　10
　　11
　　12
　　13
　　14
　　15
　　16
　　17
　　18
　　19
　　20
　第十三章　玉归
　　1
　　2
　　3
　　4
　　5
　　6
　　7
　　8
　　9
　　10
　　11
　第十四章　月落
　　1
　　2
　　3
　　4
　　5
　　6
　　7
　　8
　　9
　　10
　第十五章　玉别
　　1
　　2
　　3
　　4
　　5





ÁÁÁÁÁÁÁÁÁÁ：doosho.com　1，2，3，4，5

ББББББББББ：doosho.com　

ĆĆĆĆĆĆĆĆĆĆ：doosho.com　

ĎĎĎĎĎĎĎĎĎĎ：doosho.com　

ÊÊÊÊÊÊÊÊÊÊ：doosho.com　

♀♀♀♀♀♀♀♀♀♀：doosho.com　

ĞĞĞĞĞĞĞĞĞĞ：doosho.com　

ĤĤĤĤĤĤĤĤĤĤ：doosho.com　

ĨĨĨĨĨĨĨĨĨĨ：doosho.com　

ĴĴĴĴĴĴĴĴĴĴ：doosho.com　

ЌЌЌЌЌЌЌЌЌЌ：doosho.com　

ĹĹĹĹĹĹĹĹĹĹ：doosho.com　

♂♂♂♂♂♂♂♂♂♂：doosho.com　

ŃŃŃŃŃŃŃŃŃŃ：doosho.com　

ÓÓÓÓÓÓÓÓÓÓ：doosho.com　

φφφφφφφφφφ：doosho.com　

ℚℚℚℚℚℚℚℚℚℚ：doosho.com　

ŔŔŔŔŔŔŔŔŔŔ：doosho.com　

ŚŚŚŚŚŚŚŚŚŚ：doosho.com　

ŤŤŤŤŤŤŤŤŤŤ：doosho.com　

ÚÚÚÚÚÚÚÚÚÚ：doosho.com　

≚≚≚≚≚≚≚≚≚≚：doosho.com　

ŴŴŴŴŴŴŴŴŴŴ：doosho.com　

ϰϰϰϰϰϰϰϰϰϰ：doosho.com　

ÝÝÝÝÝÝÝÝÝÝ：doosho.com　

ŹŹŹŹŹŹŹŹŹŹ：doosho.com　



