孟子
　梁惠王上　凡七章
　　1
　　2
　　3
　　4
　　5
　　6
　　7
　梁惠王下　凡十六章
　　1
　　2
　　3
　　4
　　5
　　6
　　7
　　8
　　9
　　10
　　11
　　12
　　13
　　14
　　15
　　16
　公孙丑上　凡九章
　　1
　　2
　　3
　　4
　　5
　　6
　　7
　　8
　　9
　公孙丑下　凡十四章
　　1
　　2
　　3
　　4
　　5
　　6
　　7
　　8
　　9
　　10
　　11
　　12
　　13
　　14
　滕文公上　凡五章
　　1
　　2
　　3
　　4
　　5
　滕文公下　凡十章
　　1
　　2
　　3
　　4
　　5
　　6
　　7
　　8
　　9
　　10
　离娄上　凡二十八章
　　1
　　2
　　3
　　4
　　5
　　6
　　7
　　8
　　9
　　10
　　11
　　12
　　13
　　14
　　15
　　16
　　17
　　18
　　19
　　20
　　21
　　22
　　23
　　24
　　25
　　26
　　27
　　28
　离娄下　凡三十三章
　　1
　　2
　　3
　　4
　　5
　　6
　　7
　　8
　　9
　　10
　　11
　　12
　　13
　　14
　　15
　　16
　　17
　　18
　　19
　　20
　　21
　　22
　　23
　　24
　　25
　　26
　　27
　　28
　　29
　　30
　　31
　　32
　　33
　万章上　凡九章
　　1
　　2
　　3
　　4
　　5
　　6
　　7
　　8
　　9
　万章下　凡九章
　　1
　　2
　　3
　　4
　　5
　　6
　　7
　　8
　　9
　告子上　凡二十章
　　1
　　2
　　3
　　4
　　5
　　6
　　7
　　8
　　9
　　10
　　11
　　12
　　13
　　14
　　15
　　16
　　17
　　18
　　19
　　20
　告子下　凡十六章
　　1
　　2
　　3
　　4
　　5
　　6
　　7
　　8
　　9
　　10
　　11
　　12
　　13
　　14
　　15
　　16
　尽心上　凡四十六章
　　1
　　2
　　3
　　4
　　5
　　6
　　7
　　8
　　9
　　10
　　11
　　12
　　13
　　14
　　15
　　16
　　17
　　18
　　19
　　20
　　21
　　22
　　23
　　24
　　25
　　26
　　27
　　28
　　29
　　30
　　31
　　32
　　33
　　34
　　35
　　36
　　37
　　38
　　39
　　40
　　41
　　42
　　43
　　44
　　45
　　46
　尽心下　凡三十八章
　　1
　　2
　　3
　　4
　　5
　　6
　　7
　　8
　　9
　　10
　　11
　　12
　　13
　　14
　　15
　　16
　　17
　　18
　　19
　　20
　　21
　　22
　　23
　　24
　　25
　　26
　　27
　　28
　　29
　　30
　　31
　　32
　　33
　　34
　　35
　　36
　　37
　　38




ÁÁÁÁÁÁÁÁÁÁ：doosho.com　1，2，3，4，5

ББББББББББ：doosho.com　

ĆĆĆĆĆĆĆĆĆĆ：doosho.com　

ĎĎĎĎĎĎĎĎĎĎ：doosho.com　

ÊÊÊÊÊÊÊÊÊÊ：doosho.com　

♀♀♀♀♀♀♀♀♀♀：doosho.com　

ĞĞĞĞĞĞĞĞĞĞ：doosho.com　

ĤĤĤĤĤĤĤĤĤĤ：doosho.com　

ĨĨĨĨĨĨĨĨĨĨ：doosho.com　

ĴĴĴĴĴĴĴĴĴĴ：doosho.com　

ЌЌЌЌЌЌЌЌЌЌ：doosho.com　

ĹĹĹĹĹĹĹĹĹĹ：doosho.com　

♂♂♂♂♂♂♂♂♂♂：doosho.com　

ŃŃŃŃŃŃŃŃŃŃ：doosho.com　

ÓÓÓÓÓÓÓÓÓÓ：doosho.com　

φφφφφφφφφφ：doosho.com　

ℚℚℚℚℚℚℚℚℚℚ：doosho.com　

ŔŔŔŔŔŔŔŔŔŔ：doosho.com　

ŚŚŚŚŚŚŚŚŚŚ：doosho.com　

ŤŤŤŤŤŤŤŤŤŤ：doosho.com　

ÚÚÚÚÚÚÚÚÚÚ：doosho.com　

≚≚≚≚≚≚≚≚≚≚：doosho.com　

ŴŴŴŴŴŴŴŴŴŴ：doosho.com　

ϰϰϰϰϰϰϰϰϰϰ：doosho.com　

ÝÝÝÝÝÝÝÝÝÝ：doosho.com　

ŹŹŹŹŹŹŹŹŹŹ：doosho.com　







