生命中不能承受之轻 - 韩少功、韩刚译
　一、轻与重
　　1
　　2
　　3
　　4
　　5
　　6
　　7
　　8
　　9
　　10
　　11
　　12
　　13
　　14
　　15
　　16
　　17
　二、灵与肉
　　1
　　2
　　3
　　4
　　5
　　6
　　7
　　8
　　9
　　10
　　11
　　12
　　13
　　14
　　15
　　16
　　17
　　18
　　19
　　20
　　21
　　22
　　23
　　24
　　25
　　26
　　27
　　28
　　29
　三、误解的词
　　1
　　2
　　4
　　6
　　8
　　9
　　10
　　11
　四、灵与肉
　　1
　　2
　　3
　　4
　　5
　　6
　　7
　　8
　　9
　　10
　　11
　　12
　　13
　　14
　　15
　　16
　　17
　　18
　　19
　　20
　　21
　　22
　　23
　　24
　　25
　　26
　　27
　　28
　　29
　五、轻与重
　　1
　　2
　　3
　　4
　　5
　　6
　　7
　　8
　　9
　　10
　　11
　　12
　　13
　　14
　　15
　　16
　　17
　　18
　　19
　　20
　　21
　　22
　　23
　六、伟大的进军
　　1
　　2
　　3
　　4
　　5
　　6
　　7
　　8
　　9
　　10
　　11
　　12
　　13
　　14
　　15
　　16
　　17
　　18
　　19
　　20
　　21
　　22
　　23
　　24
　　25
　　26
　　27
　　28
　七、卡列宁的微笑
　　1
　　2
　　3
　　4
　　5
　　6
　　7
　附录
　　人们一思索，上帝就发笑
　　不能承受的生命之轻
　　米兰•昆德拉
　　昆德拉的宿命
　　沉重浮生与鲜秾爱意
　　特蕾莎和萨宾娜
　　从“反三俗”联想起米兰·昆德拉
　　南大教授重译昆德拉名作《不能承受的生命之轻》
　　关于《生命中不能承受之轻》：新老版本译者之间的对谈
　　韩少功的翻译和我们的昆德拉
　　文学生命的继承与拓展
　　令人失望的上海译文版昆德拉
　　“他不会再有更重要的作品问世了”





ÁÁÁÁÁÁÁÁÁÁ：doosho.com　1，2，3，4，5

ББББББББББ：doosho.com　

ĆĆĆĆĆĆĆĆĆĆ：doosho.com　

ĎĎĎĎĎĎĎĎĎĎ：doosho.com　

ÊÊÊÊÊÊÊÊÊÊ：doosho.com　

♀♀♀♀♀♀♀♀♀♀：doosho.com　

ĞĞĞĞĞĞĞĞĞĞ：doosho.com　

ĤĤĤĤĤĤĤĤĤĤ：doosho.com　

ĨĨĨĨĨĨĨĨĨĨ：doosho.com　

ĴĴĴĴĴĴĴĴĴĴ：doosho.com　

ЌЌЌЌЌЌЌЌЌЌ：doosho.com　

ĹĹĹĹĹĹĹĹĹĹ：doosho.com　

♂♂♂♂♂♂♂♂♂♂：doosho.com　

ŃŃŃŃŃŃŃŃŃŃ：doosho.com　

ÓÓÓÓÓÓÓÓÓÓ：doosho.com　

φφφφφφφφφφ：doosho.com　

ℚℚℚℚℚℚℚℚℚℚ：doosho.com　

ŔŔŔŔŔŔŔŔŔŔ：doosho.com　

ŚŚŚŚŚŚŚŚŚŚ：doosho.com　

ŤŤŤŤŤŤŤŤŤŤ：doosho.com　

ÚÚÚÚÚÚÚÚÚÚ：doosho.com　

≚≚≚≚≚≚≚≚≚≚：doosho.com　

ŴŴŴŴŴŴŴŴŴŴ：doosho.com　

ϰϰϰϰϰϰϰϰϰϰ：doosho.com　

ÝÝÝÝÝÝÝÝÝÝ：doosho.com　

ŹŹŹŹŹŹŹŹŹŹ：doosho.com　



