安娜卡列尼娜 - 于大卫译
　第一部
　　1
　　2
　　3
　　4
　　5
　　6
　　7
　　8
　　9
　　10
　　11
　　12
　　13
　　14
　　15
　　16
　　17
　　18
　　19
　　20
　　21
　　22
　　23
　　24
　　25
　　26
　　27
　　28
　　29
　　30
　　31
　　32
　　33
　　34
　第二部
　　1
　　2
　　3
　　4
　　5
　　6
　　7
　　8
　　9
　　10
　　11
　　12
　　13
　　14
　　15
　　16
　　17
　　18
　　19
　　20
　　21
　　22
　　23
　　24
　　25
　　26
　　27
　　28
　　29
　　30
　　31
　　32
　　33
　　34
　　35
　第三部
　　1
　　2
　　3
　　4
　　5
　　6
　　7
　　8
　　9
　　10
　　11
　　12
　　13
　　14
　　15
　　16
　　17
　　18
　　19
　　20
　　21
　　22
　　23
　　24
　　25
　　26
　　27
　　28
　　29
　　30
　　31
　　32
　第四部
　　1
　　2
　　3
　　4
　　5
　　6
　　7
　　8
　　9
　　10
　　11
　　12
　　13
　　14
　　15
　　16
　　17
　　18
　　19
　　20
　　21
　　22
　　23
　第五部
　　1
　　2
　　3
　　4
　　5
　　6
　　7
　　8
　　9
　　10
　　11
　　12
　　13
　　14
　　15
　　16
　　17
　　18
　　19
　　20
　　21
　　22
　　23
　　24
　　25
　　26
　　27
　　28
　　29
　　30
　　31
　　32
　　33
　第六部
　　1
　　2
　　3
　　4
　　5
　　6
　　7
　　8
　　9
　　10
　　11
　　12
　　13
　　14
　　15
　　16
　　17
　　18
　　19
　　20
　　21
　　22
　　23
　　24
　　25
　　26
　　27
　　28
　　29
　　30
　　31
　　32
　第七部
　　1
　　2
　　3
　　4
　　5
　　6
　　7
　　8
　　9
　　10
　　11
　　12
　　13
　　14
　　15
　　16
　　17
　　18
　　19
　　20
　　21
　　22
　　23
　　24
　　25
　　26
　　27
　　28
　　29
　　30
　　31
　第八部
　　1
　　2
　　3
　　4
　　5
　　6
　　7
　　8
　　9
　　10
　　11
　　12
　　13
　　14
　　15
　　16
　　17
　　18
　　19





ÁÁÁÁÁÁÁÁÁÁ：doosho.com　1，2，3，4，5

ББББББББББ：doosho.com　

ĆĆĆĆĆĆĆĆĆĆ：doosho.com　

ĎĎĎĎĎĎĎĎĎĎ：doosho.com　

ÊÊÊÊÊÊÊÊÊÊ：doosho.com　

♀♀♀♀♀♀♀♀♀♀：doosho.com　

ĞĞĞĞĞĞĞĞĞĞ：doosho.com　

ĤĤĤĤĤĤĤĤĤĤ：doosho.com　

ĨĨĨĨĨĨĨĨĨĨ：doosho.com　

ĴĴĴĴĴĴĴĴĴĴ：doosho.com　

ЌЌЌЌЌЌЌЌЌЌ：doosho.com　

ĹĹĹĹĹĹĹĹĹĹ：doosho.com　

♂♂♂♂♂♂♂♂♂♂：doosho.com　

ŃŃŃŃŃŃŃŃŃŃ：doosho.com　

ÓÓÓÓÓÓÓÓÓÓ：doosho.com　

φφφφφφφφφφ：doosho.com　

ℚℚℚℚℚℚℚℚℚℚ：doosho.com　

ŔŔŔŔŔŔŔŔŔŔ：doosho.com　

ŚŚŚŚŚŚŚŚŚŚ：doosho.com　

ŤŤŤŤŤŤŤŤŤŤ：doosho.com　

ÚÚÚÚÚÚÚÚÚÚ：doosho.com　

≚≚≚≚≚≚≚≚≚≚：doosho.com　

ŴŴŴŴŴŴŴŴŴŴ：doosho.com　

ϰϰϰϰϰϰϰϰϰϰ：doosho.com　

ÝÝÝÝÝÝÝÝÝÝ：doosho.com　

ŹŹŹŹŹŹŹŹŹŹ：doosho.com　



