红楼梦断：曹雪芹家的故事 - 高阳
　红楼梦断：曹雪芹家的故事·秣陵春
　　第一回鼎大奶奶夭逝黄泉路
　　　01
　　　02
　　　03
　　　04
　　　05
　　　06
　　　07
　　　08
　　第二回得官丧妻悲寂寞
　　　01
　　　02
　　　03
　　　04
　　　05
　　第三回祖母得知孙媳死因一病不起
　　　01
　　　02
　　　03
　　　04
　　　05
　　　06
　　　07
　　　08
　　第四回李家欲与曹家联姻，扩家族势力
　　　01
　　　02
　　　03
　　　04
　　　05
　　　06
　　第五回震二奶奶为绣春和绅二爷做媒
　　　01
　　　02
　　　03
　　　04
　　　05
　　　06
　　　07
　　　08
　　　09
　　　10
　　　11
　　　12
　　第六回绣春为嫁李绅差点送命
　　　01
　　　02
　　　03
　　　04
　　　05
　　　06
　　　07
　　　08
　　第七回婚事一波三折引发各种误会
　　　01
　　　02
　　　03
　　　04
　　第八回李绅遭魏大姐设局，辜负绣春
　　　01
　　　02
　　　03
　　　04
　　　05
　红楼梦断：曹雪芹家的故事2·茂陵秋
　　第一回
　　　01
　　　02
　　　03
　　　04
　　　05
　　　06
　　第二回
　　　01
　　　02
　　第三回
　　　01
　　　02
　　　03
　　　04
　　　05
　　　06
　　　07
　　　08
　　　09
　　第四回
　　　01
　　　02
　　　03
　　　04
　　第五回
　　　01
　　　02
　　　03
　　　04
　　　05
　　　06
　　　07
　　　08
　　第六回
　　　01
　　　02
　　　03
　　第七回
　　　01
　　　02
　　　03
　　　04
　　　05
　　第八回
　　　01
　　　02
　　　03
　　　04
　　　05
　　　06
　　　07
　　　08
　　　09
　　　10
　　　11
　　　12
　　　13
　　　14
　　　15
　　　16
　　　17
　　第九回
　　　01
　　　02
　　　03
　　　04
　　　05
　　　06
　　第十回
　　　01
　　　02
　　　03
　　　04
　　　05
　　　06
　　第十一回
　　　01
　　　02
　　　03
　　　04
　　　05
　　　06
　　　07
　　　08
　　　09
　　　10
　　　11
　红楼梦断：曹雪芹家的故事3·五陵游
　　第一回
　　　01
　　　02
　　　03
　　　04
　　　05
　　　06
　　　07
　　　08
　　　09
　　第二回
　　　01
　　　02
　　　03
　　第三回
　　　01
　　　02
　　第四回
　　　01
　　　02
　　　03
　　第五回
　　　01
　　　02
　　第六回
　　　01
　　　02
　　第七回
　　　01
　　　02
　　　03
　　　04
　　　05
　　第八回
　　　01
　　　02
　　　03
　　第九回
　　　01
　　　02
　　　03
　　　04
　　第十回
　　　01
　　第十一回
　　　01
　　　02
　　　03
　　　04
　　第十二回
　　　01
　红楼梦断：曹雪芹家的故事4·延陵剑
　　第一回
　　　01
　　　02
　　　03
　　　04
　　　05
　　　06
　　　07
　　　08
　　　09
　　　10
　　　11
　　第二回
　　　01
　　　02
　　　03
　　　04
　　　05
　　　06
　　　07
　　　08
　　第三回
　　　01
　　　02
　　　03
　　　04
　　　05
　　　06
　　第四回
　　　01
　　　02
　　　03
　　　04
　　　05
　　　06
　　　07
　　第五回
　　　01
　　　02
　　　03
　　　04
　　　05
　　　06
　　　07
　　　08
　　　09
　　　10
　　第六回
　　　01
　　　02
　　　03
　　　04
　　　05
　　　06
　　　07
　　　08
　　　09
　　　10
　　　11
　　　12
　　　13
　　　14
　　第七回
　　　01
　　　02
　　　03
　　　04
　　　05
　　　06
　　第八回
　　　01
　　　02
　　　03
　　　04
　　　05
　　　06
　　　07
　　　08
　　　09
　　　10
　　　11
　　　12
　　　13
　　　14
　　　15
　　　16
　　　17
　　　18
　红楼梦断：曹雪芹家的故事5·曹雪芹别传(上)
　　第一回
　　　01
　　　02
　　　03
　　　04
　　　05
　　　06
　　　07
　　第二回
　　　01
　　　02
　　　03
　　　04
　　　05
　　　06
　　　07
　　　08
　　　09
　　　10
　　第三回
　　　01
　　　02
　　　03
　　　04
　　　05
　　　06
　　　07
　　　08
　　第四回
　　　01
　　　02
　　　03
　　　04
　　　05
　　第五回
　　　01
　　　02
　　　03
　　　04
　　　05
　　　06
　　　07
　　　09
　　第六回
　　　01
　　　02
　　　03
　　　04
　　　05
　　　06
　　　07
　　　08
　　　09
　　　10
　　　11
　　　12
　　　13
　红楼梦断：曹雪芹家的故事6·曹雪芹别传(下)
　　第一回
　　　01
　　　02
　　　03
　　　04
　　　05
　　　06
　　　07
　　　08
　　　09
　　第二回
　　　01
　　　02
　　　03
　　　04
　　　05
　　　06
　　　07
　　第三回
　　　01
　　　02
　　　03
　　　04
　　　05
　　　06
　　　07
　　第四回
　　　01
　　　02
　　　03
　　　04
　　　05
　　　06
　　　07
　　　08
　　　09
　　　10
　　　11
　　第五回
　　　01
　　　02
　　　03
　　　04
　　　05
　　　06
　　　07
　　　08
　　　09
　　　10
　　　11
　红楼梦断：曹雪芹家的故事7·三春争及初春景（上）
　　第一回
　　　01
　　　02
　　　03
　　　04
　　　05
　　　06
　　　07
　　　08
　　　09
　　　10
　　　11
　　　12
　　　13
　　第二回
　　　01
　　　02
　　　03
　　　04
　　　05
　　　06
　　　07
　　　08
　　　09
　　　10
　　第三回
　　　01
　　　02
　　　03
　　　04
　　　05
　　　06
　　　07
　　　08
　　　09
　　　10
　　第四回
　　　01
　　　02
　　　03
　　　04
　　　05
　　　06
　　第五回
　　　01
　　　02
　　　03
　　　04
　　　05
　　　06
　　　07
　　　08
　　　09
　　　10
　　　11
　　　12
　　　13
　　第六回
　　　01
　　　02
　　　03
　　　04
　　第七回
　　　01
　　　02
　　　03
　　　04
　　　05
　　　06
　红楼梦断：曹雪芹家的故事8·三春争及初春景（下）
　　第一回
　　　01
　　　02
　　　03
　　　04
　　　05
　　　06
　　　07
　　　08
　　第二回
　　　01
　　　02
　　　03
　　　04
　　　05
　　　06
　　　07
　　　08
　　　09
　　　10
　　第三回
　　　01
　　　02
　　　03
　　　04
　　　05
　　　06
　　　07
　　　08
　　第四回
　　　01
　　　02
　　　03
　　　04
　　　05
　　　06
　　　07
　　　08
　　　09
　　　10
　　　11
　　　12
　　　13
　　第五回
　　　01
　　　02
　　　03
　　　04
　　　05
　　　06
　　　07
　　　08
　　　09
　　　10
　　　11
　　　12
　　　13
　　第六回
　　　01
　　　02
　　　03
　　　04
　　　05
　红楼梦断：曹雪芹家的故事9·大野龙蛇(上)
　　第一回
　　　01
　　　02
　　　03
　　　04
　　　05
　　　06
　　　07
　　　08
　　　09
　　　10
　　第二回
　　　01
　　　02
　　　03
　　　04
　　　05
　　　06
　　　07
　　　08
　　　09
　　　10
　　　11
　　　12
　　第三回
　　　01
　　　02
　　　03
　　　04
　　　05
　　第四回
　　　01
　　　02
　　　03
　　　04
　　　05
　　　06
　　　07
　　　08
　　　09
　　　10
　　　11
　　　12
　　　13
　　　14
　　　15
　红楼梦断：曹雪芹家的故事10·大野龙蛇(下)
　　第一回
　　　01
　　　02
　　　03
　　　04
　　　05
　　　06
　　　07
　　　08
　　第二回
　　　01
　　　02
　　　03
　　　04
　　　05
　　　06
　　　07
　　　08
　　　09
　　　10
　　　11
　　第三回
　　　01
　　　02
　　　03
　　　04
　　　05
　　　06
　　　07
　　　08
　　　09
　　　10
　　　11
　　　12
　　第四回
　　　01
　　　02
　　　03
　　　04
　　　05
　　　06
　　　07
　　　08






ÁÁÁÁÁÁÁÁÁÁ：doosho.com　1，2，3，4，5

ББББББББББ：doosho.com　1

ĆĆĆĆĆĆĆĆĆĆ：doosho.com　

ĎĎĎĎĎĎĎĎĎĎ：doosho.com　

ÊÊÊÊÊÊÊÊÊÊ：doosho.com　

♀♀♀♀♀♀♀♀♀♀：doosho.com　

ĞĞĞĞĞĞĞĞĞĞ：doosho.com　

ĤĤĤĤĤĤĤĤĤĤ：doosho.com　

ĨĨĨĨĨĨĨĨĨĨ：doosho.com　

ĴĴĴĴĴĴĴĴĴĴ：doosho.com　

ЌЌЌЌЌЌЌЌЌЌ：doosho.com　

ĹĹĹĹĹĹĹĹĹĹ：doosho.com　

♂♂♂♂♂♂♂♂♂♂：doosho.com　

ŃŃŃŃŃŃŃŃŃŃ：doosho.com　

ÓÓÓÓÓÓÓÓÓÓ：doosho.com　

φφφφφφφφφφ：doosho.com　

ℚℚℚℚℚℚℚℚℚℚ：doosho.com　

ŔŔŔŔŔŔŔŔŔŔ：doosho.com　

ŚŚŚŚŚŚŚŚŚŚ：doosho.com　

ŤŤŤŤŤŤŤŤŤŤ：doosho.com　

ÚÚÚÚÚÚÚÚÚÚ：doosho.com　

≚≚≚≚≚≚≚≚≚≚：doosho.com　

ŴŴŴŴŴŴŴŴŴŴ：doosho.com　

ϰϰϰϰϰϰϰϰϰϰ：doosho.com　

ÝÝÝÝÝÝÝÝÝÝ：doosho.com　

ŹŹŹŹŹŹŹŹŹŹ：doosho.com　











