不能承受的生命之轻 - 许钧译
　第一部 轻与重
　　1
　　2
　　3
　　4
　　5
　　6
　　7
　　8
　　9
　　10
　　11
　　12
　　13
　　14
　　15
　　16
　　17
　第二部 灵与肉
　　1
　　2
　　3
　　4
　　5
　　6
　　7
　　8
　　9
　　10
　　11
　　12
　　13
　　14
　　15
　　16
　　17
　　18
　　19
　　20
　　21
　　22
　　23
　　24
　　25
　　26
　　27
　　28
　　29
　第三部 不解之词
　　1
　　2
　　3
　　4
　　5
　　6
　　7
　　8
　　9
　　10
　　11
　第四部 灵与肉
　　1
　　2
　　3
　　4
　　5
　　6
　　7
　　8
　　9
　　10
　　11
　　12
　　13
　　14
　　15
　　16
　　17
　　18
　　19
　　20
　　21
　　22
　　23
　　24
　　25
　　26
　　27
　　28
　　29
　第五部 轻与重
　　1
　　2
　　3
　　4
　　5
　　6
　　7
　　8
　　9
　　10
　　11
　　12
　　13
　　14
　　15
　　16
　　17
　　18
　　19
　　20
　　21
　　22
　　23
　第六部 伟大的进军
　　1
　　2
　　3
　　4
　　5
　　6
　　7
　　8
　　9
　　10
　　11
　　12
　　13
　　14
　　15
　　16
　　17
　　18
　　19
　　20
　　21
　　22
　　23
　　24
　　25
　　26
　　27
　　28
　　29
　第七部 卡列宁的微笑
　　1
　　2
　　3
　　4
　　5
　　6
　　7
　大写的牧歌与小写的牧歌
　　一
　　二
　　三
　　四
　　五
　　六





ÁÁÁÁÁÁÁÁÁÁ：doosho.com　1，2，3，4，5

ББББББББББ：doosho.com　

ĆĆĆĆĆĆĆĆĆĆ：doosho.com　

ĎĎĎĎĎĎĎĎĎĎ：doosho.com　

ÊÊÊÊÊÊÊÊÊÊ：doosho.com　

♀♀♀♀♀♀♀♀♀♀：doosho.com　

ĞĞĞĞĞĞĞĞĞĞ：doosho.com　

ĤĤĤĤĤĤĤĤĤĤ：doosho.com　

ĨĨĨĨĨĨĨĨĨĨ：doosho.com　

ĴĴĴĴĴĴĴĴĴĴ：doosho.com　

ЌЌЌЌЌЌЌЌЌЌ：doosho.com　

ĹĹĹĹĹĹĹĹĹĹ：doosho.com　

♂♂♂♂♂♂♂♂♂♂：doosho.com　

ŃŃŃŃŃŃŃŃŃŃ：doosho.com　

ÓÓÓÓÓÓÓÓÓÓ：doosho.com　

φφφφφφφφφφ：doosho.com　

ℚℚℚℚℚℚℚℚℚℚ：doosho.com　

ŔŔŔŔŔŔŔŔŔŔ：doosho.com　

ŚŚŚŚŚŚŚŚŚŚ：doosho.com　

ŤŤŤŤŤŤŤŤŤŤ：doosho.com　

ÚÚÚÚÚÚÚÚÚÚ：doosho.com　

≚≚≚≚≚≚≚≚≚≚：doosho.com　

ŴŴŴŴŴŴŴŴŴŴ：doosho.com　

ϰϰϰϰϰϰϰϰϰϰ：doosho.com　

ÝÝÝÝÝÝÝÝÝÝ：doosho.com　

ŹŹŹŹŹŹŹŹŹŹ：doosho.com　



