穴名索引


二画

二间　1 　2 　3

八

人迎　1 　2 　3

三阳络　1 　2 　3

三阴交　1 　2

三里　1 　2 　3 　4 　5 　6

三间　1 　2 　3 　4 　5

三焦俞　1 　2

下关　1 　2 　3

下脘　1 　2

下廉　1 　2 　3

下 　1 　2 　3

大巨　1 　2 　3

大包　1 　2 　3

大肠俞

大迎　1 　2 　3 　4 　5

大杼　1 　2 　3

大钟　1 　2 　3 　4

大都　1 　2 　3 　4

大陵　1 　2 　3 　4 　5 　6

大椎　1 　2

大敦　1 　2 　3 　4

大赫　1 　2 　3

大横　1 　2

上关70，194，258，293－

上星　1 　2 　3 　4 　5 　6

上脘　1 　2 　3 　4

上廉　1 　2

上 　1 　2 　3 　4 　5

飞扬　1 　2 　3 　4 　5 　6

小肠俞　1 　2

小海　1 　2 　3 　4 　5

丰隆　1 　2 　3 　4

天井　1 　2 　3 　4 　5

天冲　1 　2 　3 　4

天池　1 　2

天枢　1 　2 　3 　4 　5

天府　1 　2 　3 　4

天宗　1 　2

天柱　1 　2 　3 　4 　5 　6

天泉　1 　2 　3

天突　1 　2

天容　1 　2 　3 　4 　5 　6

天鼎　1 　2

天窗　1 　2 　3

天溪　1 　2

天牖　1 　2

天 　1 　2

云门　1 　2 　3 　4 　5

五处　1 　2 　3

五里　1 　2 　3 　4 　5 　6

五枢　1 　2 　3

支正　1 　2 　3 　4

支沟　1 　2 　3 　4 　5

不容　1 　2

太乙　1 　2

太白　1 　2 　3 　4 　5 　6

太冲　1 　2 　3 　4 　5

太渊　1 　2 　3 　4 　5 　6 　7

太溪　1 　2 　3 　4 　5

巨骨　1 　2

巨虚下廉　1 　2 　3 　4 　5

巨虚上廉　1 　2 　3 　4

巨阙　1 　2 　3 　4 　5

巨 　1 　2 　3

少冲

少府

少泽　1 　2

少海

少商　1 　2 　3

日月　1 　2

中冲　1 　2

中极　1 　2 　3 　4

中郄　1 　2 　3

中府　1 　2

中注　1 　2

中封　1 　2 　3 　4 　5

中庭　1 　2

中脘　1 　2 　3 　4

中渚　1 　2 　3 　4 　5

中渎　1 　2

中膂俞　1 　2 　3

中 　1 　2 　3 　4

内关　1 　2 　3 　4

内庭　1 　2

气户　1 　2

气穴　1 　2

气冲　1 　2 　3 　4

气舍　1 　2 　3 　4

气海　1 　2

长强　1 　2 　3 　4 　5 　6

仆参　1 　2 　3 　4

公孙　1 　2 　3

风门　1 　2

风池　1 　2 　3 　4 　5

风府　1 　2 　3 　4

心俞　1 　2 　3

尺泽　1 　2 　3 　4 　5 　6 　7

孔最　1 　2 　3

水分　1 　2

水沟　1 　2 　3 　4 　5

水泉　1 　2

水突　1 　2

水道　1 　2 　3

玉枕　1 　2 　3 　4 　5

玉堂　1 　2

正营　1 　2

本神　1 　2 　3 　4

厉兑　1 　2 　3

石门　1 　2 　3 　4

石关　1 　2 　3

归来　1 　2 　3

目窗　1 　2 　3

申脉　1 　2 　3 　4

四白　1 　2

四渎　1 　2

四满　1 　2 　3

禾 　1 　2

丘墟　1 　2 　3 　4 　5 　6

付阳　1 　2

白环俞

外丘　1 　2 　3 　4

外关　1 　2 　3 　4

外陵　1 　2

头维　1 　2

丝竹空　1 　2 　3 　4

地五会　1 　2

地仓　1 　2

地机　1 　2 　3

耳门　1 　2

百会　1 　2 　3 　4 　5

列缺　1 　2 　3 　4 　5

至阳　1 　2

至阴　1 　2 　3 　4

光明　1 　2 　3 　4 　5

曲池　1 　2 　3 　4 　5 　6

曲泽　1 　2 　3

曲垣　1 　2

曲骨　1 　2 　3 　4 　5

曲泉　1 　2 　3 　4

曲差　1 　2

曲鬓　1 　2

伏兔

华盖　1 　2

血海　1 　2

囟会　1 　2 　3 　4 　5

后顶　1 　2 　3

后溪　1 　2 　3 　4 　5

行间　1 　2 　3 　4

会阳　1 　2

会阴　1 　2 　3 　4 　5

会宗　1 　2 　3

合阳　1 　2 　3

合谷　1 　2 　3 　4 　5

交信　1 　2

关门　1 　2 　3

关元　1 　2 　3 　4 　5

关冲　1 　2 　3 　4 　5 　6

冲门　1 　2

冲阳　1 　2 　3 　4 　5 　6

冲脉

次 　1 　2 　3

阳白　1 　2

阳交　1 　2 　3 　4

阳关　1 　2

阳池　1 　2 　3

阳谷　1 　2 　3 　4 　5 　6

阳纲　1 　2

阳陵泉　1 　2 　3 　4

阳辅　1 　2 　3

阳溪　1 　2 　3 　4

阴包　1 　2

阴市　1 　2

阴交　1 　2 　3 　4

阴谷　1 　2 　3 　4

阴郄

阴都　1 　2 　3

阴陵泉　1 　2 　3 　4 　5

阴廉　1 　2

志室　1 　2

劳宫　1 　2 　3 　4 　5 　6 　7

极泉

束骨　1 　2 　3 　4

扶承　1 　2

扶突　1 　2 　3

步廊　1 　2

听会　1 　2 　3

听宫　1 　2 　3

身柱　1 　2 　3

肝俞　1 　2 　3 　4

肘 　1 　2

角孙　1 　2

鸠尾　1 　2

条口　1 　2

迎香　1 　2

库房　1 　2

肓门　1 　2 　3

肓俞　1 　2

间使　1 　2 　3 　4 　5

兑端　1 　2 　3 　4

完骨　1 　2 　3 　4 　5 　6

灵道

灵墟　1 　2

附分

环跳　1 　2

刺丝竹空

肾俞　1 　2 　3

昆仑　1 　2 　3 　4 　5 　6

和 　1 　2

委中　1 　2 　3 　4 　5

委阳　1 　2

秉风　1 　2

侠白　1 　2

侠溪　1 　2 　3 　4

金门　1 　2 　3

命门　1 　2

郄门　1 　2 　3

乳中

乳根　1 　2 　3

肺俞　1 　2 　3

周荣　1 　2

鱼际　1 　2 　3 　4 　5

京门　1 　2 　3 　4 　5

京骨　1 　2 　3 　4 　5 　6

府舍　1 　2 　3

肩井　1 　2

肩中俞　1 　2

肩外俞　1 　2

肩贞　1 　2 　3

肩 　1 　2

肩 　1 　2

建里　1 　2

居 　1 　2

承山　1 　2 　3 　4

承光　1 　2 　3

承灵　1 　2

承泣　1 　2

承浆　1 　2 　3 　4

承筋　1 　2 　3 　4

承满　1 　2

经渠　1 　2

带脉　1 　2

彧中　1 　2

临泣　1 　2 　3 　4 　5 　6

胃仓　1 　2

胃俞　1 　2

幽门　1 　2

复溜　1 　2 　3 　4 　5 　6

食窦

胆俞　1 　2

胞肓　1 　2

养老　1 　2

前谷　1 　2 　3 　4 　5 　6

前顶　1 　2 　3

神门　1 　2 　3 　4

神封　1 　2

神庭　1 　2 　3 　4

神堂　1 　2

神道　1 　2

神藏　1 　2

屋翳　1 　2

络却　1 　2

绝骨　1 　2 　3

素 　1 　2

缺盆　1 　2 　3 　4

秩边　1 　2

殷门　1 　2

胸乡　1 　2

脐中　1 　2 　3 　4

脑户　1 　2 　3 　4 　5 　6

脑空　1 　2 　3 　4 　5

脊中　1 　2 　3

消泺　1 　2 　3

浮白　1 　2

浮郄　1 　2

涌泉　1 　2 　3 　4 　5 　6

窍阴　1 　2 　3 　4

陶道　1 　2

陷谷　1 　2 　3 　4

通天　1 　2

通里　1 　2

通谷　1 　2 　3 　4 　5

辄筋　1 　2

颅息　1 　2 　3

悬枢　1 　2

悬厘　1 　2

悬钟　1 　2 　3

悬颅　1 　2

偏历　1 　2 　3 　4 　5

章门　1 　2 　3 　4 　5 　6

商丘　1 　2 　3 　4 　5 　6

商曲　1 　2

商阳　1 　2 　3 　4

率谷　1 　2

清泠渊　1 　2 　3

渊腋　1 　2 　3

液门　1 　2 　3 　4 　5 　6

梁门　1 　2

梁丘　1 　2 　3

隐白　1 　2 　3 　4 　5

维道　1 　2

期门　1 　2 　3 　4 　5 　6

颊车　1 　2

紫宫　1 　2

喑门　1 　2

犊鼻　1 　2

筑宾　1 　2 　3

筋缩　1 　2 　3

脾俞　1 　2 　3 　4 　5

腕骨　1 　2 　3 　4 　5

然谷　1 　2 　3 　4 　5 　6

温溜　1 　2 　3 　4 　5

滑肉门　1 　2

强间　1 　2

魂门　1 　2

输府　1 　2

睛明　1 　2

照海　1 　2 　3 　4 　5

颔厌　1 　2 　3

腰俞　1 　2 　3 　4

腹哀　1 　2

腹结　1 　2

解溪　1 　2 　3 　4 　5 　6 　7

廉泉　1 　2

意舍　1 　2 　3

龈交　1 　2 　3 　4 　5

箕门　1 　2

魄户　1 　2 　3 　4

膈关　1 　2

膈俞　1 　2 　3 　4 　5

膀胱俞　1 　2 　3

瘈脉　1 　2

漏谷　1 　2

璇玑　1 　2 　3

横骨　1 　2

　1 　2 　3 　4 　5 　6 　7

膝关　1 　2

翳风　1 　2 　3

瞳子 　1 　2

髀关　1 　2

膻中　1 　2

膺窗　1 　2

臂　1 　2

会　1 　2 　3

俞　1 　2

攒竹　1 　2 　3 　4

蠡沟　1 　2 　3 　4

颧 　1 　2 　3






